@1100
4F 4C 45 44 20 54 45 53 54 00 5A 48 4F 4E 47 4A
49 4E 47 59 55 41 4E 00 32 30 31 34 2F 30 35 2F
30 31 00 41 53 43 49 49 3A 00 43 4F 44 45 3A 00
30 2E 39 36 27 20 4F 4C 45 44 20 54 45 53 54 00
00 00 00 00 00 00 00 00 00 00 00 00 00 00 00 00
00 00 00 F8 00 00 00 00 00 00 00 33 30 00 00 00
00 10 0C 06 10 0C 06 00 00 00 00 00 00 00 00 00
40 C0 78 40 C0 78 40 00 04 3F 04 04 3F 04 04 00
00 70 88 FC 08 30 00 00 00 18 20 FF 21 1E 00 00
F0 08 F0 00 E0 18 00 00 00 21 1C 03 1E 21 1E 00
00 F0 08 88 70 00 00 00 1E 21 23 24 19 27 21 10
10 16 0E 00 00 00 00 00 00 00 00 00 00 00 00 00
00 00 00 E0 18 04 02 00 00 00 00 07 18 20 40 00
00 02 04 18 E0 00 00 00 00 40 20 18 07 00 00 00
40 40 80 F0 80 40 40 00 02 02 01 0F 01 02 02 00
00 00 00 F0 00 00 00 00 01 01 01 1F 01 01 01 00
00 00 00 00 00 00 00 00 80 B0 70 00 00 00 00 00
00 00 00 00 00 00 00 00 00 01 01 01 01 01 01 01
00 00 00 00 00 00 00 00 00 30 30 00 00 00 00 00
00 00 00 00 80 60 18 04 00 60 18 06 01 00 00 00
00 E0 10 08 08 10 E0 00 00 0F 10 20 20 10 0F 00
00 10 10 F8 00 00 00 00 00 20 20 3F 20 20 00 00
00 70 08 08 08 88 70 00 00 30 28 24 22 21 30 00
00 30 08 88 88 48 30 00 00 18 20 20 20 11 0E 00
00 00 C0 20 10 F8 00 00 00 07 04 24 24 3F 24 00
00 F8 08 88 88 08 08 00 00 19 21 20 20 11 0E 00
00 E0 10 88 88 18 00 00 00 0F 11 20 20 11 0E 00
00 38 08 08 C8 38 08 00 00 00 00 3F 00 00 00 00
00 70 88 08 08 88 70 00 00 1C 22 21 21 22 1C 00
00 E0 10 08 08 10 E0 00 00 00 31 22 22 11 0F 00
00 00 00 C0 C0 00 00 00 00 00 00 30 30 00 00 00
00 00 00 80 00 00 00 00 00 00 80 60 00 00 00 00
00 00 80 40 20 10 08 00 00 01 02 04 08 10 20 00
40 40 40 40 40 40 40 00 04 04 04 04 04 04 04 00
00 08 10 20 40 80 00 00 00 20 10 08 04 02 01 00
00 70 48 08 08 08 F0 00 00 00 00 30 36 01 00 00
C0 30 C8 28 E8 10 E0 00 07 18 27 24 23 14 0B 00
00 00 C0 38 E0 00 00 00 20 3C 23 02 02 27 38 20
08 F8 88 88 88 70 00 00 20 3F 20 20 20 11 0E 00
C0 30 08 08 08 08 38 00 07 18 20 20 20 10 08 00
08 F8 08 08 08 10 E0 00 20 3F 20 20 20 10 0F 00
08 F8 88 88 E8 08 10 00 20 3F 20 20 23 20 18 00
08 F8 88 88 E8 08 10 00 20 3F 20 00 03 00 00 00
C0 30 08 08 08 38 00 00 07 18 20 20 22 1E 02 00
08 F8 08 00 00 08 F8 08 20 3F 21 01 01 21 3F 20
00 08 08 F8 08 08 00 00 00 20 20 3F 20 20 00 00
00 00 08 08 F8 08 08 00 C0 80 80 80 7F 00 00 00
08 F8 88 C0 28 18 08 00 20 3F 20 01 26 38 20 00
08 F8 08 00 00 00 00 00 20 3F 20 20 20 20 30 00
08 F8 F8 00 F8 F8 08 00 20 3F 00 3F 00 3F 20 00
08 F8 30 C0 00 08 F8 08 20 3F 20 00 07 18 3F 00
E0 10 08 08 08 10 E0 00 0F 10 20 20 20 10 0F 00
08 F8 08 08 08 08 F0 00 20 3F 21 01 01 01 00 00
E0 10 08 08 08 10 E0 00 0F 18 24 24 38 50 4F 00
08 F8 88 88 88 88 70 00 20 3F 20 00 03 0C 30 20
00 70 88 08 08 08 38 00 00 38 20 21 21 22 1C 00
18 08 08 F8 08 08 18 00 00 00 20 3F 20 00 00 00
08 F8 08 00 00 08 F8 08 00 1F 20 20 20 20 1F 00
08 78 88 00 00 C8 38 08 00 00 07 38 0E 01 00 00
F8 08 00 F8 00 08 F8 00 03 3C 07 00 07 3C 03 00
08 18 68 80 80 68 18 08 20 30 2C 03 03 2C 30 20
08 38 C8 00 C8 38 08 00 00 00 20 3F 20 00 00 00
10 08 08 08 C8 38 08 00 20 38 26 21 20 20 18 00
00 00 00 FE 02 02 02 00 00 00 00 7F 40 40 40 00
00 0C 30 C0 00 00 00 00 00 00 00 01 06 38 C0 00
00 02 02 02 FE 00 00 00 00 40 40 40 7F 00 00 00
00 00 04 02 02 02 04 00 00 00 00 00 00 00 00 00
00 00 00 00 00 00 00 00 80 80 80 80 80 80 80 80
00 02 02 04 00 00 00 00 00 00 00 00 00 00 00 00
00 00 80 80 80 80 00 00 00 19 24 22 22 22 3F 20
08 F8 00 80 80 00 00 00 00 3F 11 20 20 11 0E 00
00 00 00 80 80 80 00 00 00 0E 11 20 20 20 11 00
00 00 00 80 80 88 F8 00 00 0E 11 20 20 10 3F 20
00 00 80 80 80 80 00 00 00 1F 22 22 22 22 13 00
00 80 80 F0 88 88 88 18 00 20 20 3F 20 20 00 00
00 00 80 80 80 80 80 00 00 6B 94 94 94 93 60 00
08 F8 00 80 80 80 00 00 20 3F 21 00 00 20 3F 20
00 80 98 98 00 00 00 00 00 20 20 3F 20 20 00 00
00 00 00 80 98 98 00 00 00 C0 80 80 80 7F 00 00
08 F8 00 00 80 80 80 00 20 3F 24 02 2D 30 20 00
00 08 08 F8 00 00 00 00 00 20 20 3F 20 20 00 00
80 80 80 80 80 80 80 00 20 3F 20 00 3F 20 00 3F
80 80 00 80 80 80 00 00 20 3F 21 00 00 20 3F 20
00 00 80 80 80 80 00 00 00 1F 20 20 20 20 1F 00
80 80 00 80 80 00 00 00 80 FF A1 20 20 11 0E 00
00 00 00 80 80 80 80 00 00 0E 11 20 20 A0 FF 80
80 80 80 00 80 80 80 00 20 20 3F 21 20 00 01 00
00 00 80 80 80 80 80 00 00 33 24 24 24 24 19 00
00 80 80 E0 80 80 00 00 00 00 00 1F 20 20 00 00
80 80 00 00 00 80 80 00 00 1F 20 20 20 10 3F 20
80 80 80 00 00 80 80 80 00 01 0E 30 08 06 01 00
80 80 00 80 00 80 80 80 0F 30 0C 03 0C 30 0F 00
00 80 80 00 80 80 80 00 00 20 31 2E 0E 31 20 00
80 80 80 00 00 80 80 80 80 81 8E 70 18 06 01 00
00 80 80 80 80 80 80 00 00 21 30 2C 22 21 30 00
00 00 00 00 80 7C 02 02 00 00 00 00 00 3F 40 40
00 00 00 00 FF 00 00 00 00 00 00 00 FF 00 00 00
00 02 02 7C 80 00 00 00 00 40 40 3F 00 00 00 00
00 06 01 01 02 02 04 04 00 00 00 00 00 00 00 00
00 00 F0 10 10 10 10 FF 10 10 10 10 F0 00 00 00
00 00 00 00 00 00 00 00 00 00 00 00 00 00 00 00
00 00 0F 04 04 04 04 FF 04 04 04 04 0F 00 00 00
00 00 00 00 00 00 00 00 00 00 00 00 00 00 00 00
40 40 40 5F 55 55 55 75 55 55 55 5F 40 40 40 00
00 00 00 00 00 00 00 00 00 00 00 00 00 00 00 00
00 40 20 0F 09 49 89 79 09 09 09 0F 20 40 00 00
00 00 00 00 00 00 00 00 00 00 00 00 00 00 00 00
00 FE 02 42 4A CA 4A 4A CA 4A 4A 42 02 FE 00 00
00 00 00 00 00 00 00 00 00 00 00 00 00 00 00 00
00 FF 40 50 4C 43 40 40 4F 50 50 5C 40 FF 00 00
00 00 00 00 00 00 00 00 00 00 00 00 00 00 00 00
00 00 F8 88 88 88 88 FF 88 88 88 88 F8 00 00 00
00 00 00 00 00 00 00 00 00 00 00 00 00 00 00 00
00 00 1F 08 08 08 08 7F 88 88 88 88 9F 80 F0 00
00 00 00 00 00 00 00 00 00 00 00 00 00 00 00 00
80 82 82 82 82 82 82 E2 A2 92 8A 86 82 80 80 00
00 00 00 00 00 00 00 00 00 00 00 00 00 00 00 00
00 00 00 00 00 40 80 7F 00 00 00 00 00 00 00 00
00 00 00 00 00 00 00 00 00 00 00 00 00 00 00 00
24 24 A4 FE A3 22 00 22 CC 00 00 FF 00 00 00 00
00 00 00 00 00 00 00 00 00 00 00 00 00 00 00 00
08 06 01 FF 00 01 04 04 04 04 04 FF 02 02 02 00
00 00 00 00 00 00 00 00 00 00 00 00 00 00 00 00
10 10 10 FF 10 90 08 88 88 88 FF 88 88 88 08 00
00 00 00 00 00 00 00 00 00 00 00 00 00 00 00 00
04 44 82 7F 01 80 80 40 43 2C 10 28 46 81 80 00
00 00 00 00 00 00 00 00 00 00 00 00 00 00 00 00
00 03 05 09 11 FF 11 89 05 C3 00 E0 00 F0 00 F8
00 00 00 00 00 00 00 44 28 FF 11 AA 44 00 00 00
00 00 00 00 00 00 00 00 00 00 00 00 00 00 00 00
00 00 00 00 00 00 00 00 00 00 00 00 00 00 00 00
00 00 00 00 00 00 00 00 00 00 00 00 00 00 00 00
00 00 00 00 00 00 00 00 00 00 83 01 38 44 82 92
92 74 01 83 00 00 00 00 00 00 00 7C 44 FF 01 7D
7D 7D 01 7D 7D 7D 7D 01 7D 7D 7D 7D 7D 01 FF 00
00 00 00 00 00 01 00 01 00 01 00 01 00 01 00 01
00 00 00 00 00 00 00 00 00 01 01 00 00 00 00 00
00 00 00 00 00 00 00 00 00 00 00 00 00 00 00 00
00 00 00 00 00 00 00 00 00 00 00 00 00 00 00 00
00 00 00 00 00 00 00 00 00 00 00 00 00 00 00 00
00 00 00 00 00 00 00 00 00 00 01 01 00 00 00 00
00 00 01 01 00 00 00 00 00 00 00 00 00 01 01 01
01 01 01 01 01 01 01 01 01 01 01 01 01 01 01 00
00 00 00 00 00 00 00 00 00 00 00 00 00 00 00 00
00 00 00 00 00 00 00 00 00 00 00 00 3F 3F 03 03
F3 13 11 11 11 11 11 11 01 F1 11 61 81 01 01 01
81 61 11 F1 01 01 01 01 41 41 F1 01 01 01 01 01
C1 21 11 11 11 11 21 C1 01 01 01 01 41 41 F1 01
01 01 01 01 01 01 01 01 01 11 11 11 11 11 D3 33
03 03 3F 3F 00 00 00 00 00 00 00 00 00 00 00 00
00 00 00 00 00 00 00 00 00 00 00 00 00 00 00 00
00 00 00 00 00 00 00 00 00 00 00 00 00 00 00 00
00 00 00 00 00 00 00 00 00 00 00 00 E0 E0 00 00
7F 01 01 01 01 01 01 00 00 7F 00 00 01 06 18 06
01 00 00 7F 00 00 00 00 40 40 7F 40 40 00 00 00
1F 20 40 40 40 40 20 1F 00 00 00 00 40 40 7F 40
40 00 00 00 00 60 00 00 00 00 40 30 0C 03 00 00
00 00 E0 E0 00 00 00 00 00 00 00 00 00 00 00 00
00 00 00 00 00 00 00 00 00 00 00 00 00 00 00 00
00 00 00 00 00 00 00 00 00 00 00 00 00 00 00 00
00 00 00 00 00 00 00 00 00 00 00 00 07 07 06 06
06 06 04 04 04 84 44 44 44 84 04 04 84 44 44 44
84 04 04 04 84 C4 04 04 04 04 84 44 44 44 84 04
04 04 04 04 84 44 44 44 84 04 04 04 04 04 84 44
44 44 84 04 04 84 44 44 44 84 04 04 04 04 06 06
06 06 07 07 00 00 00 00 00 00 00 00 00 00 00 00
00 00 00 00 00 00 00 00 00 00 00 00 00 00 00 00
00 00 00 00 00 00 00 00 00 00 00 00 00 00 00 00
00 00 00 00 00 00 00 00 00 00 00 00 00 00 00 00
00 00 00 00 00 10 18 14 12 11 00 00 0F 10 10 10
0F 00 00 00 10 1F 10 00 00 00 08 10 12 12 0D 00
00 18 00 00 0D 12 12 12 0D 00 00 18 00 00 10 18
14 12 11 00 00 10 18 14 12 11 00 00 00 00 00 00
00 00 00 00 00 00 00 00 00 00 00 00 00 00 00 00
00 00 00 00 00 00 00 00 00 00 00 00 00 00 00 00
00 00 00 00 00 00 00 00 00 00 00 00 00 00 00 00
00 00 00 00 00 00 00 00 00 00 00 00 00 00 00 00
00 00 00 00 00 00 00 00 00 00 00 00 00 00 00 00
00 00 00 00 00 00 00 00 00 00 00 00 80 80 80 80
80 80 80 80 00 00 00 00 00 00 00 00 00 00 00 00
00 00 00 00 00 00 00 00 00 00 00 00 00 00 00 00
00 00 00 00 00 00 00 00 00 00 00 00 00 00 00 00
00 00 00 00 00 00 00 00 00 00 00 00 00 00 00 00
00 7F 03 0C 30 0C 03 7F 00 00 38 54 54 58 00 00
7C 04 04 78 00 00 3C 40 40 7C 00 00 00 00 00 00
00 00 00 00 00 00 00 00 00 00 00 00 00 00 00 00
00 00 00 00 00 00 00 00 00 00 00 00 FF AA AA AA
28 08 00 FF 00 00 00 00 00 00 00 00 00 00 00 00
00 00 00 00 00 00 00 00 00 00 00 00 00 00 00 00
00 00 00 00 00 00 00 00 00 7F 03 0C 30 0C 03 7F
00 00 26 49 49 49 32 00 00 7F 02 04 08 10 7F 00
31 40 00 0A 3C 40 00 02 3D 40 F0 18 3E 40 00 04
B0 12 F2 23 B0 12 0C 1D B0 12 F6 23 B2 40 80 5A
20 01 B0 12 C6 1E B0 12 4A 22 3E 40 00 11 4D 43
7C 40 1E 00 B0 12 CE 22 3E 40 0A 11 6D 43 7C 42
B0 12 CE 22 3E 40 18 11 6D 42 7C 40 14 00 B0 12
CE 22 3E 40 23 11 7D 40 06 00 4C 43 B0 12 CE 22
3E 40 2A 11 7D 40 06 00 7C 40 3F 00 B0 12 CE 22
7A 40 20 00 4E 43 4D 43 4C 43 B0 12 EC 20 5E 43
4D 43 7C 40 12 00 B0 12 EC 20 6E 43 4D 43 7C 40
24 00 B0 12 EC 20 7E 40 03 00 4D 43 7C 40 36 00
B0 12 EC 20 6E 42 4D 43 7C 40 48 00 B0 12 EC 20
7E 40 05 00 4D 43 7C 40 5A 00 B0 12 EC 20 7E 40
06 00 4D 43 7C 40 6C 00 B0 12 EC 20 7A 40 20 00
D2 C3 29 00 B0 12 4A 22 4E 43 4D 43 4C 43 B0 12
EC 20 5E 43 4D 43 7C 40 12 00 B0 12 EC 20 6E 43
4D 43 7C 40 24 00 B0 12 EC 20 7E 40 03 00 4D 43
7C 40 36 00 B0 12 EC 20 6E 42 4D 43 7C 40 48 00
B0 12 EC 20 7E 40 05 00 4D 43 7C 40 5A 00 B0 12
EC 20 7E 40 06 00 4D 43 7C 40 6C 00 B0 12 EC 20
3E 40 30 11 6D 43 4C 43 B0 12 CE 22 3E 40 18 11
6D 42 7C 40 14 00 B0 12 CE 22 3E 40 23 11 7D 40
06 00 4C 43 B0 12 CE 22 3E 40 2A 11 7D 40 06 00
7C 40 3F 00 B0 12 CE 22 4E 4A 7D 40 06 00 7C 40
30 00 B0 12 66 21 5A 53 7A 90 7F 00 02 28 7A 40
20 00 70 12 10 00 7F 40 03 00 4E 4A 7D 40 06 00
7C 40 67 00 B0 12 24 20 3C 40 32 00 B0 12 B2 23
B0 12 4A 22 3C 40 32 00 B0 12 B2 23 D2 D3 29 00
30 12 00 02 7F 42 7E 40 80 00 4D 43 4C 43 B0 12
DE 21 3C 40 32 00 B0 12 B2 23 3C 40 32 00 B0 12
B2 23 21 52 7D 3F F2 D0 10 00 32 00 F2 D2 32 00
E2 D3 32 00 D2 D3 32 00 E2 D2 32 00 D2 D3 2A 00
E2 D2 31 00 3C 40 64 00 B0 12 B2 23 E2 C2 31 00
3C 40 64 00 B0 12 B2 23 E2 D2 31 00 4D 43 7C 40
AE 00 B0 12 8C 22 4D 43 4C 43 B0 12 8C 22 4D 43
7C 40 10 00 B0 12 8C 22 4D 43 7C 40 40 00 B0 12
8C 22 4D 43 7C 40 81 00 B0 12 8C 22 4D 43 7C 40
CF 00 B0 12 8C 22 4D 43 7C 40 A1 00 B0 12 8C 22
4D 43 7C 40 C8 00 B0 12 8C 22 4D 43 7C 40 A6 00
B0 12 8C 22 4D 43 7C 40 A8 00 B0 12 8C 22 4D 43
7C 40 3F 00 B0 12 8C 22 4D 43 7C 40 D3 00 B0 12
8C 22 4D 43 4C 43 B0 12 8C 22 4D 43 7C 40 D5 00
B0 12 8C 22 4D 43 7C 40 80 00 B0 12 8C 22 4D 43
7C 40 D9 00 B0 12 8C 22 4D 43 7C 40 F1 00 B0 12
8C 22 4D 43 7C 40 DA 00 B0 12 8C 22 4D 43 7C 40
12 00 B0 12 8C 22 4D 43 7C 40 DB 00 B0 12 8C 22
4D 43 7C 40 40 00 B0 12 8C 22 4D 43 7C 40 20 00
B0 12 8C 22 4D 43 6C 43 B0 12 8C 22 4D 43 7C 40
8D 00 B0 12 8C 22 4D 43 7C 40 14 00 B0 12 8C 22
4D 43 7C 40 A4 00 B0 12 8C 22 4D 43 7C 40 A6 00
B0 12 8C 22 4D 43 7C 40 AF 00 B0 12 8C 22 4D 43
7C 40 AF 00 B0 12 8C 22 B0 12 4A 22 4D 43 4C 43
30 40 0E 23 0A 12 0B 12 08 12 09 12 06 12 07 12
04 12 05 12 4B 4C 47 4D 04 4E 4A 4F 48 43 49 43
56 41 12 00 1B 3C 58 43 7E 50 30 00 4D 47 4D 12
45 4E 4C 46 6E 43 B0 12 96 23 4E 4C 4C 4B 02 12
32 C2 03 43 C2 4E 30 01 C2 49 38 01 5C 52 3A 01
32 41 4E 45 7D 41 B0 12 66 21 59 53 49 9A 34 2C
0C 44 04 4C 4D 4A 4D 89 7D 53 7C 40 0A 00 B0 12
70 23 0E 4C 0C 44 B0 12 9A 23 3E 40 0A 00 B0 12
9A 23 48 93 D1 23 49 49 4F 4A 3F 53 09 9F CC 37
4E 93 C9 23 7E 40 20 00 4D 47 4D 12 45 4E 4C 46
6E 43 B0 12 96 23 4E 4C 4C 4B 02 12 32 C2 03 43
C2 4E 30 01 C2 49 38 01 5C 52 3A 01 32 41 4E 45
7D 41 B0 12 66 21 C9 3F 30 40 DC 23 0A 12 0B 12
08 12 09 12 4B 4C 48 4D 4A 4E 49 43 4D 48 4C 4B
B0 12 0E 23 4F 43 10 3C 5D 43 4E 4A 0E 5E 0E 5E
0E 5E 0E 5E 0E 5E 0E 5E 4F 4F 0E 5F 5C 4E 30 17
B0 12 8C 22 59 53 5F 53 7F 90 10 00 ED 2B 58 53
4D 48 4C 4B B0 12 0E 23 4F 43 10 3C 5D 43 4B 4F
4E 4A 0E 5E 0E 5E 0E 5E 0E 5E 0E 5E 0E 5E 0B 5E
5C 4B 50 17 B0 12 8C 22 59 53 5F 53 7F 90 10 00
ED 2B 30 40 E4 23 0A 12 0B 12 08 12 4B 4C 48 4D
4A 43 4F 43 7E 50 E0 00 4A 4E 7B 90 80 00 02 28
4B 43 68 53 4D 48 4C 4B B0 12 0E 23 4F 43 0D 3C
5D 43 4E 4A 0E 5E 0E 5E 0E 5E 0E 5E 4F 4F 0E 5F
5C 4E 40 11 B0 12 8C 22 5F 53 7F 92 F1 2B 58 53
4D 48 4C 4B B0 12 0E 23 4F 43 0D 3C 5D 43 4B 4A
0B 5B 0B 5B 0B 5B 0B 5B 4F 4F 0B 5F 5C 4B 48 11
B0 12 8C 22 5F 53 7F 92 F1 2B 30 40 E6 23 0A 12
0B 12 08 12 09 12 06 12 07 12 48 4C 4B 4D 49 4E
4A 4F 06 43 4C 4A 3E 42 B0 12 40 23 0E 93 06 20
4C 4A 7E 42 B0 12 96 23 47 4C 06 3C 4C 4A 7E 42
B0 12 96 23 47 4C 57 53 47 4B 1B 41 0E 00 0B 3C
5D 43 0E 4B 0E 56 6C 4E B0 12 8C 22 16 53 5F 53
4F 99 F6 2B 57 53 47 9A 06 2C 4D 47 4C 48 B0 12
0E 23 4F 48 F5 3F 30 40 E0 23 0A 12 4F 43 09 3C
5D 43 4C 43 B0 12 8C 22 5A 53 7A 90 80 00 F8 2B
5F 53 7F 92 11 2C 4D 43 4C 4F 7C 50 B0 00 B0 12
8C 22 4D 43 4C 43 B0 12 8C 22 4D 43 7C 40 10 00
B0 12 8C 22 4A 43 E9 3F 3A 41 30 41 4D 93 03 24
E2 D3 31 00 02 3C E2 C3 31 00 D2 C3 31 00 4E 43
07 3C F2 C2 31 00 F2 D0 10 00 31 00 4C 5C 5E 53
7E 92 08 2C F2 C0 10 00 31 00 4C 93 F2 37 F2 D2
31 00 F1 3F D2 D3 31 00 E2 D3 31 00 30 41 0A 12
0B 12 08 12 09 12 4A 4C 4B 4D 08 4E 49 43 0F 3C
49 49 0F 48 0F 59 6E 4F 4D 4B 4C 4A B0 12 66 21
7A 52 7A 90 79 00 02 28 4A 43 6B 53 59 53 49 49
0F 48 0F 59 CF 93 00 00 EB 23 30 40 E4 23 4F 4C
4C 4D 4D 43 7C 50 B0 00 B0 12 8C 22 4D 43 4C 4F
12 C3 4C 10 4C 11 4C 11 4C 11 7C D0 10 00 B0 12
8C 22 4D 43 7F F0 0F 00 5F D3 4C 4F 30 40 8C 22
09 12 09 43 0E 93 03 34 3E E3 1E 53 19 D3 0C 93
03 34 3C E3 1C 53 39 E3 B0 12 9A 23 19 B3 02 24
3C E3 1C 53 29 B3 02 24 3E E3 1E 53 39 41 30 41
1F 43 0A 3C 02 12 32 C2 03 43 C2 4C 30 01 82 4F
38 01 1F 42 3A 01 32 41 4E 4D 4D 4E 7D 53 4E 93
F1 23 0C 4F 30 41 7C F3 7E F3 0F 4E 0D 4C 0E 43
1C 43 0D 5D 0E 6E 0E 9F 01 28 0E 8F 0C 6C F9 2B
30 41 08 3C 3E 40 08 07 0F 4E 0E 4F 3E 53 0F 93
FB 23 3C 53 0C 93 F6 23 30 41 0F 4C 04 3C FF 4D
00 00 1F 53 3E 53 0E 93 FA 23 30 41 35 41 34 41
37 41 36 41 39 41 38 41 3B 41 3A 41 30 41 30 40
FA 23 30 40 CA 23 30 40 EE 23 FF 3F 
@FFFE
F0 1C 
q
